beta_p <- 0.5
beta_s <- 0.5
sigma <- 1/2.5
gamma_s <- 1/2.5
gamma_p <- 1/2.5
N <- 30000
I0 <- 10
seed <- 101
